1,0.244079146209759,-0.138415252713755,1.24031510730619,0.999973208104097,0.00732004603815542,3.35918291705778e-13,3.60966749783632e-10,-29.5572092561194,14.3932839338809,-30.5190339142087,-4.76611036761893e-06,-45.0876836845071,30.3960385740892,0,0.678141655292757,-0.00957951139127045,1.32469997349211,2.67935469364032e-08,0.999988474933586,2.67896093635156e-08,-1.26132947177213e-10,3.53685447483198e-06,-15.4560442241803,-40.356565293849,9.02130875846893e-07,-65.0994789303314,-4.02768575979657e-06
1,0.248914925414518,-0.133466086342246,1.23755558446575,0.999972576231975,0.00740586146151664,4.20850876374182e-14,5.08486488139224e-11,-28.1998323899954,15.1925242355706,-30.208101089906,-4.9608186306012e-06,-44.5993761623126,29.0484958540355,0,0.678141655292757,-0.00957951139127045,1.32469997349211,2.67935469364032e-08,0.999988474933586,2.67896093635156e-08,-1.26132947177213e-10,3.53685447483198e-06,-15.4560442241803,-40.356565293849,9.02130875846893e-07,-65.0994789303314,-4.02768575979657e-06
1,0.249008932490571,-0.133369886119078,1.23479984757992,0.999972491486611,0.00741729533315674,5.34447822094961e-15,9.53244641652076e-12,-28.1736253356804,15.6631109378244,-30.3251702594617,-5.05512190232946e-06,-44.0117202916087,29.0235991575384,0,0.678141655292757,-0.00957951139127045,1.32469997349211,2.67935469364032e-08,0.999988474933586,2.67896093635156e-08,-1.26132947177213e-10,3.53685447483198e-06,-15.4560442241803,-40.356565293849,9.02130875846893e-07,-65.0994789303314,-4.02768575979657e-06
1,0.217442702086129,-0.133838175365113,1.23092677376299,0.992531006528796,0.00736206953300647,0.121766930546417,-0.000903125921132008,-33.8358037521706,9.0441234282838,-40.39854373105,-15.9944400232571,-29.9494583807507,47.8309996022561,0,0.678141655292757,-0.00957951139127045,1.32469997349211,2.67935469364032e-08,0.999988474933586,2.67896093635156e-08,-1.26132947177213e-10,3.53685447483198e-06,-15.4560442241803,-40.356565293849,9.02130875846893e-07,-65.0994789303314,-4.02768575979657e-06
1,0.217442717223135,-0.133838128808274,1.24582697644324,0.992531025797308,0.0073619860104697,0.121766779863937,-0.000902947004246902,-33.8357843612667,6.15192940441091,-39.6384837377969,-14.442237034369,-33.4740353418905,46.0072869298829,0,0.678141655292757,-0.00957951139127045,1.32469997349211,2.67935469364032e-08,0.999988474933586,2.67896093635156e-08,-1.26132947177213e-10,3.53685447483198e-06,-15.4560442241803,-40.356565293849,9.02130875846893e-07,-65.0994789303314,-4.02768575979657e-06
1,0.200067567822007,-1.16930769798395e-11,1.32469997349211,0.999999999999999,-2.67944733606881e-08,-2.44953707558153e-12,2.67899298791509e-08,3.53685447483198e-06,-15.4560442241803,-40.356565293849,9.02130875846893e-07,-65.0994789303314,-4.02768575979657e-06,1,0.678141655292757,-0.00957951139127045,1.32469997349211,2.67935469364032e-08,0.999988474933586,2.67896093635156e-08,-1.26132947177213e-10,3.53685447483198e-06,-15.4560442241803,-40.356565293849,9.02130875846893e-07,-65.0994789303314,-4.02768575979657e-06
1,0.369668263642513,0.0234375909057042,1.29270568139817,0.999973208104093,0.00732004603865708,-8.38828040453902e-14,3.60733093935848e-10,3.62779502899322,24.7374785545783,-3.94668689950274,-4.91277279773648e-06,-61.3158343985604,-2.78896690330328,0,0.678141655292757,-0.00957951139127045,1.32469997349211,2.67935469364032e-08,0.999988474933586,2.67896093635156e-08,-1.26132947177213e-10,3.53685447483198e-06,-15.4560442241803,-40.356565293849,9.02130875846893e-07,-65.0994789303314,-4.02768575979657e-06
1,0.374526562037899,0.0284156726523248,1.28779833865291,0.999972575971457,0.00740589663772268,-1.28571466734138e-14,5.06874771371165e-11,4.33877247283281,26.2395879358873,-2.87773045474052,-5.05474403743029e-06,-60.8826814225712,-3.49010625951176,0,0.678141655292757,-0.00957951139127045,1.32469997349211,2.67935469364032e-08,0.999988474933586,2.67896093635156e-08,-1.26132947177213e-10,3.53685447483198e-06,-15.4560442241803,-40.356565293849,9.02130875846893e-07,-65.0994789303314,-4.02768575979657e-06
1,0.374622026851863,0.0285134803904309,1.28279966658672,0.999972486521336,0.00741796470314636,-1.55294018225116e-15,7.10885040643625e-12,4.35254417646901,26.7529205564106,-3.23805820845061,-5.13276976013494e-06,-60.0090210473331,-3.50249493295289,0,0.678141655292757,-0.00957951139127045,1.32469997349211,2.67935469364032e-08,0.999988474933586,2.67896093635156e-08,-1.26132947177213e-10,3.53685447483198e-06,-15.4560442241803,-40.356565293849,9.02130875846893e-07,-65.0994789303314,-4.02768575979657e-06
1,0.404099216696484,0.0289508372368009,1.28109676956002,0.992530999070591,0.00736276494309614,-0.121766948115829,0.000903284498108797,3.96412176614672,36.5434610962742,10.7837819993736,-0.768632756884446,-78.2100703775925,-2.86483817290576,0,0.678141655292757,-0.00957951139127045,1.32469997349211,2.67935469364032e-08,0.999988474933586,2.67896093635156e-08,-1.26132947177213e-10,3.53685447483198e-06,-15.4560442241803,-40.356565293849,9.02130875846893e-07,-65.0994789303314,-4.02768575979657e-06
1,0.404099207117591,0.0289508369272494,1.29599696166269,0.992530999082787,0.00736276484497567,-0.121766948008916,0.000903286309609327,3.9641218379557,35.2974117398238,11.9954481555272,-0.762509056278965,-80.6675665678167,-2.8982399774699,0,0.678141655292757,-0.00957951139127045,1.32469997349211,2.67935469364032e-08,0.999988474933586,2.67896093635156e-08,-1.26132947177213e-10,3.53685447483198e-06,-15.4560442241803,-40.356565293849,9.02130875846893e-07,-65.0994789303314,-4.02768575979657e-06
1,0.200067567822007,-1.16930769798395e-11,1.32469997349211,0.999999999999999,-2.67944733606881e-08,-2.44953707558153e-12,2.67899298791509e-08,3.53685447483198e-06,-15.4560442241803,-40.356565293849,9.02130875846893e-07,-65.0994789303314,-4.02768575979657e-06,1,0.678141655292757,-0.00957951139127045,1.32469997349211,2.67935469364032e-08,0.999988474933586,2.67896093635156e-08,-1.26132947177213e-10,3.53685447483198e-06,-15.4560442241803,-40.356565293849,9.02130875846893e-07,-65.0994789303314,-4.02768575979657e-06
1,0.200067567822007,-1.16930769798395e-11,1.32469997349211,0.999999999999999,-2.67944733606881e-08,-2.44953707558153e-12,2.67899298791509e-08,3.53685447483198e-06,-15.4560442241803,-40.356565293849,9.02130875846893e-07,-65.0994789303314,-4.02768575979657e-06,1,0.678141655292757,-0.00957951139127045,1.32469997349211,2.67935469364032e-08,0.999988474933586,2.67896093635156e-08,-1.26132947177213e-10,3.53685447483198e-06,-15.4560442241803,-40.356565293849,9.02130875846893e-07,-65.0994789303314,-4.02768575979657e-06
1,0.25088957574883,-0.0644309466532914,1.24030000122137,0.712404040637684,-0.701769536873111,-1.71834419780613e-15,3.80746166863474e-12,-14.4028794051549,10.3436169211342,-35.6256098861514,-1.95491261478214e-06,-44.0307702305096,-74.7354104947656,0,0.678141655292757,-0.00957951139127045,1.32469997349211,2.67935469364032e-08,0.999988474933586,2.67896093635156e-08,-1.26132947177213e-10,3.53685447483198e-06,-15.4560442241803,-40.356565293849,9.02130875846893e-07,-65.0994789303314,-4.02768575979657e-06
1,0.255863534925574,-0.0692594399535276,1.23755500145215,0.712343842121294,-0.701830642385949,1.65613988811347e-15,5.36796321304102e-13,-15.1463596431665,11.9768631979892,-34.3470002577838,-2.14718267771784e-06,-43.6761335924263,-74.0017594807095,0,0.678141655292757,-0.00957951139127045,1.32469997349211,2.67935469364032e-08,0.999988474933586,2.67896093635156e-08,-1.26132947177213e-10,3.53685447483198e-06,-15.4560442241803,-40.356565293849,9.02130875846893e-07,-65.0994789303314,-4.02768575979657e-06
1,0.255959735016723,-0.0693528158097923,1.23479982710644,0.712335844326692,-0.701838759892454,2.02551757412519e-15,1.03455493046487e-13,-15.1604025400643,12.4901566569912,-34.4506422762115,-2.21219755527951e-06,-43.0591981151603,-73.9890223604567,0,0.678141655292757,-0.00957951139127045,1.32469997349211,2.67935469364032e-08,0.999988474933586,2.67896093635156e-08,-1.26132947177213e-10,3.53685447483198e-06,-15.4560442241803,-40.356565293849,9.02130875846893e-07,-65.0994789303314,-4.02768575979657e-06
1,0.255491070304236,-0.0377865867281707,1.23092675223968,0.707034866583292,-0.696615885762931,0.0867414050059144,0.0854630551517618,-4.56621306655309,11.9044534545204,-36.8662889571038,21.1398641075077,-41.8568358381733,-100.48485352107,0,0.678141655292757,-0.00957951139127045,1.32469997349211,2.67935469364032e-08,0.999988474933586,2.67896093635156e-08,-1.26132947177213e-10,3.53685447483198e-06,-15.4560442241803,-40.356565293849,9.02130875846893e-07,-65.0994789303314,-4.02768575979657e-06
1,0.255491055107706,-0.0377866211306882,1.24582695687586,0.70703492572525,-0.696615858786667,0.0867412659933762,0.0854629268482562,-4.56622692011695,9.16383059878262,-36.1385615946513,19.8586601836428,-45.1058762268447,-98.7199078700396,0,0.678141655292757,-0.00957951139127045,1.32469997349211,2.67935469364032e-08,0.999988474933586,2.67896093635156e-08,-1.26132947177213e-10,3.53685447483198e-06,-15.4560442241803,-40.356565293849,9.02130875846893e-07,-65.0994789303314,-4.02768575979657e-06
1,0.200067567822007,-1.16930769798395e-11,1.32469997349211,0.999999999999999,-2.67944733606881e-08,-2.44953707558153e-12,2.67899298791509e-08,3.53685447483198e-06,-15.4560442241803,-40.356565293849,9.02130875846893e-07,-65.0994789303314,-4.02768575979657e-06,1,0.678141655292757,-0.00957951139127045,1.32469997349211,2.67935469364032e-08,0.999988474933586,2.67896093635156e-08,-1.26132947177213e-10,3.53685447483198e-06,-15.4560442241803,-40.356565293849,9.02130875846893e-07,-65.0994789303314,-4.02768575979657e-06
1,0.377450892026777,0.0334579315762145,1.30230000031979,0.712404040637687,-0.701769536873108,-3.95204689760041e-15,3.80313407539846e-12,5.06556454705384,25.5688934391247,-0.686860358593063,-1.22573922630405e-06,-63.7442431401261,-94.2038555610508,0,0.678141655292757,-0.00957951139127045,1.32469997349211,2.67935469364032e-08,0.999988474933586,2.67896093635156e-08,-1.26132947177213e-10,3.53685447483198e-06,-15.4560442241803,-40.356565293849,9.02130875846893e-07,-65.0994789303314,-4.02768575979657e-06
1,0.382424852349941,0.0286294392009179,1.29739822861936,0.712343842121292,-0.70183064238595,6.80767096795976e-16,5.33910832137499e-13,4.28134514458532,26.9238478170554,0.198365972796005,-1.35030095619412e-06,-63.2745150905358,-93.4294654801407,0,0.678141655292757,-0.00957951139127045,1.32469997349211,2.67935469364032e-08,0.999988474933586,2.67896093635156e-08,-1.26132947177213e-10,3.53685447483198e-06,-15.4560442241803,-40.356565293849,9.02130875846893e-07,-65.0994789303314,-4.02768575979657e-06
1,0.382522589071419,0.0285345711511327,1.29239966445296,0.71233537955985,-0.701839231610292,1.57651527632615e-15,7.53541860107911e-14,4.26612447606671,27.394183459875,-0.201840888113868,-1.38704763722644e-06,-62.4039725867224,-93.4156265060557,0,0.678141655292757,-0.00957951139127045,1.32469997349211,2.67935469364032e-08,0.999988474933586,2.67896093635156e-08,-1.26132947177213e-10,3.53685447483198e-06,-15.4560442241803,-40.356565293849,9.02130875846893e-07,-65.0994789303314,-4.02768575979657e-06
1,0.382960167298055,-0.00094261598390669,1.29069676736528,0.707034398702709,-0.696616359928483,-0.0867412605637348,-0.0854632075626856,-2.74072355250137,27.7659664855723,-0.495417446061756,-15.6383630844982,-63.5052085972427,-79.1810782312752,0,0.678141655292757,-0.00957951139127045,1.32469997349211,2.67935469364032e-08,0.999988474933586,2.67896093635156e-08,-1.26132947177213e-10,3.53685447483198e-06,-15.4560442241803,-40.356565293849,9.02130875846893e-07,-65.0994789303314,-4.02768575979657e-06
1,0.382960157755075,-0.000942606020322315,1.30559696153407,0.70703439213473,-0.696616375097375,-0.0867412301259749,-0.0854631691496308,-2.74072111107122,26.4289694247339,0.788886875214078,-15.3087399912158,-66.0315382052752,-79.9541303707746,0,0.678141655292757,-0.00957951139127045,1.32469997349211,2.67935469364032e-08,0.999988474933586,2.67896093635156e-08,-1.26132947177213e-10,3.53685447483198e-06,-15.4560442241803,-40.356565293849,9.02130875846893e-07,-65.0994789303314,-4.02768575979657e-06
1,0.200067567822007,-1.16930769798395e-11,1.32469997349211,0.999999999999999,-2.67944733606881e-08,-2.44953707558153e-12,2.67899298791509e-08,3.53685447483198e-06,-15.4560442241803,-40.356565293849,9.02130875846893e-07,-65.0994789303314,-4.02768575979657e-06,1,0.678141655292757,-0.00957951139127045,1.32469997349211,2.67935469364032e-08,0.999988474933586,2.67896093635156e-08,-1.26132947177213e-10,3.53685447483198e-06,-15.4560442241803,-40.356565293849,9.02130875846893e-07,-65.0994789303314,-4.02768575979657e-06
1,0.200067567822007,-1.16930769798395e-11,1.32469997349211,0.999999999999999,-2.67944733606881e-08,-2.44953707558153e-12,2.67899298791509e-08,3.53685447483198e-06,-15.4560442241803,-40.356565293849,9.02130875846893e-07,-65.0994789303314,-4.02768575979657e-06,1,0.678141655292757,-0.00957951139127045,1.32469997349211,2.67935469364032e-08,0.999988474933586,2.67896093635156e-08,-1.26132947177213e-10,3.53685447483198e-06,-15.4560442241803,-40.356565293849,9.02130875846893e-07,-65.0994789303314,-4.02768575979657e-06
1,0.250177281904636,-0.0164362326652483,1.24030000122163,0.712404040637684,-0.701769536873111,-2.178660763496e-15,3.80513190631467e-12,-3.75883302782304,8.73874496713709,-37.5570556388729,-1.03186005187817e-06,-43.7041963335045,-85.3794575174104,0,0.678141655292757,-0.00957951139127045,1.32469997349211,2.67935469364032e-08,0.999988474933586,2.67896093635156e-08,-1.26132947177213e-10,3.53685447483198e-06,-15.4560442241803,-40.356565293849,9.02130875846893e-07,-65.0994789303314,-4.02768575979657e-06
1,0.255151240858273,-0.0212647277680423,1.23755500289955,0.712343842121292,-0.701830642385951,3.92468391754934e-15,5.3634041096621e-13,-4.76411262019355,10.2671523719364,-36.4642320446642,-1.23594982616864e-06,-43.2686125274268,-84.3840071390149,0,0.678141655292757,-0.00957951139127045,1.32469997349211,2.67935469364032e-08,0.999988474933586,2.67896093635156e-08,-1.26132947177213e-10,3.53685447483198e-06,-15.4560442241803,-40.356565293849,9.02130875846893e-07,-65.0994789303314,-4.02768575979657e-06
1,0.255247440980123,-0.0213581016749547,1.23479982720386,0.712335844326693,-0.701838759892454,2.79673307801138e-15,1.02529000834077e-13,-4.78314002010379,10.7937753574547,-36.5744907031525,-1.29321585346726e-06,-42.6317308834815,-84.3662855269646,0,0.678141655292757,-0.00957951139127045,1.32469997349211,2.67935469364032e-08,0.999988474933586,2.67896093635156e-08,-1.26132947177213e-10,3.53685447483198e-06,-15.4560442241803,-40.356565293849,9.02130875846893e-07,-65.0994789303314,-4.02768575979657e-06
1,0.254778776699831,0.0102081293337336,1.23092675185696,0.707034860772464,-0.696615890343364,0.0867414097347881,0.085463061089611,6.19129954707125,11.8985777722205,-36.8737213340866,20.1353696119951,-44.3597630917941,-110.191977764497,0,0.678141655292757,-0.00957951139127045,1.32469997349211,2.67935469364032e-08,0.999988474933586,2.67896093635156e-08,-1.26132947177213e-10,3.53685447483198e-06,-15.4560442241803,-40.356565293849,9.02130875846893e-07,-65.0994789303314,-4.02768575979657e-06
1,0.254778767570492,0.0102080965906624,1.24582695508862,0.707034911952252,-0.696615867435173,0.0867412660210506,0.0854629702694633,6.19128720729356,9.15765253325304,-36.1459318811047,19.0125225589896,-47.6282832908429,-108.576463549399,0,0.678141655292757,-0.00957951139127045,1.32469997349211,2.67935469364032e-08,0.999988474933586,2.67896093635156e-08,-1.26132947177213e-10,3.53685447483198e-06,-15.4560442241803,-40.356565293849,9.02130875846893e-07,-65.0994789303314,-4.02768575979657e-06
1,0.200067567822007,-1.16930769798395e-11,1.32469997349211,0.999999999999999,-2.67944733606881e-08,-2.44953707558153e-12,2.67899298791509e-08,3.53685447483198e-06,-15.4560442241803,-40.356565293849,9.02130875846893e-07,-65.0994789303314,-4.02768575979657e-06,1,0.678141655292757,-0.00957951139127045,1.32469997349211,2.67935469364032e-08,0.999988474933586,2.67896093635156e-08,-1.26132947177213e-10,3.53685447483198e-06,-15.4560442241803,-40.356565293849,9.02130875846893e-07,-65.0994789303314,-4.02768575979657e-06
1,0.377688323308543,0.0174596935798925,1.31190000018094,0.712404040637687,-0.701769536873108,-3.70621310412704e-15,3.80312858076089e-12,2.64677487622576,24.5883740837484,-0.0202138299458099,-1.29910059255068e-06,-65.3914090173665,-91.7850658692242,0,0.678141655292757,-0.00957951139127045,1.32469997349211,2.67935469364032e-08,0.999988474933586,2.67896093635156e-08,-1.26132947177213e-10,3.53685447483198e-06,-15.4560442241803,-40.356565293849,9.02130875846893e-07,-65.0994789303314,-4.02768575979657e-06
1,0.382662283573907,0.0126312012338962,1.30699822827125,0.712343842121292,-0.70183064238595,8.01039470204039e-16,5.33667149731113e-13,1.89057759054688,25.970711407387,0.889422201114061,-1.42245766245482e-06,-64.9187077235264,-91.0386979076208,1,0.503756902034936,-0.00482551799914217,1.15388264737534,-1.14439020898044e-05,-0.707019841382149,1.88013330884976e-05,0.707161240590347,-0.583722008195676,49.2266437121926,-22.42050267797,0.615692592024906,71.6569560052489,0.353605713660167
1,0.382760020309615,0.0125363330717827,1.30199966446474,0.71233537955985,-0.701839231610291,7.74356472852361e-16,7.61952232963779e-14,1.87590959825855,26.4134409409899,0.453627043427327,-1.4574195676817e-06,-64.0401830321859,-91.0254116090223,0,0.503756902034936,-0.00482551799914217,1.15388264737534,-1.14439020898044e-05,-0.707019841382149,1.88013330884976e-05,0.707161240590347,-0.583722008195676,49.2266437121926,-22.42050267797,0.615692592024906,71.6569560052489,0.353605713660167
1,0.383197598892075,-0.0169408542236373,1.30029676734667,0.707034399955906,-0.696616358536472,-0.0867412620128731,-0.0854632070705982,-5.11791048355639,27.158831215523,0.702145732439359,-15.2817808629316,-65.8073326145757,-77.4617490277984,0,0.503756902034936,-0.00482551799914217,1.15388264737534,-1.14439020898044e-05,-0.707019841382149,1.88013330884976e-05,0.707161240590347,-0.583722008195676,49.2266437121926,-22.42050267797,0.615692592024906,71.6569560052489,0.353605713660167
1,0.383197589591532,-0.0169408443328986,1.31519696145484,0.707034394318422,-0.696616372297137,-0.0867412344392751,-0.0854631695311505,-5.11790817431173,25.9157895131152,2.0971581014055,-14.9904752037352,-68.3539056464576,-78.2095669827538,0,0.503756902034936,-0.00482551799914217,1.15388264737534,-1.14439020898044e-05,-0.707019841382149,1.88013330884976e-05,0.707161240590347,-0.583722008195676,49.2266437121926,-22.42050267797,0.615692592024906,71.6569560052489,0.353605713660167
1,0.200067567822007,-1.16930769798395e-11,1.32469997349211,0.999999999999999,-2.67944733606881e-08,-2.44953707558153e-12,2.67899298791509e-08,3.53685447483198e-06,-15.4560442241803,-40.356565293849,9.02130875846893e-07,-65.0994789303314,-4.02768575979657e-06,1,0.678141655292757,-0.00957951139127045,1.32469997349211,2.67935469364032e-08,0.999988474933586,2.67896093635156e-08,-1.26132947177213e-10,3.53685447483198e-06,-15.4560442241803,-40.356565293849,9.02130875846893e-07,-65.0994789303314,-4.02768575979657e-06
1,0.200067567822007,-1.16930769798395e-11,1.32469997349211,0.999999999999999,-2.67944733606881e-08,-2.44953707558153e-12,2.67899298791509e-08,3.53685447483198e-06,-15.4560442241803,-40.356565293849,9.02130875846893e-07,-65.0994789303314,-4.02768575979657e-06,1,0.678141655292757,-0.00957951139127045,1.32469997349211,2.67935469364032e-08,0.999988474933586,2.67896093635156e-08,-1.26132947177213e-10,3.53685447483198e-06,-15.4560442241803,-40.356565293849,9.02130875846893e-07,-65.0994789303314,-4.02768575979657e-06
1,0.249464988059735,0.031558481322739,1.24030000122161,0.712404040637684,-0.701769536873111,-3.29095139697867e-15,3.80320662997824e-12,7.20988745026182,8.88205772208212,-37.386728384578,-1.93484255549711e-07,-43.7312108417601,-96.3481786028103,0,0.678141655292757,-0.00957951139127045,1.32469997349211,2.67935469364032e-08,0.999988474933586,2.67896093635156e-08,-1.26132947177213e-10,3.53685447483198e-06,-15.4560442241803,-40.356565293849,9.02130875846893e-07,-65.0994789303314,-4.02768575979657e-06
1,0.254438947249001,0.0267299856568915,1.23755500504431,0.712343842121292,-0.701830642385951,5.02126643458733e-15,5.35331064933779e-13,5.99719100182277,10.2296109000573,-36.5100550841703,-3.93000189395928e-07,-43.2603309574425,-95.1453113744267,0,0.678141655292757,-0.00957951139127045,1.32469997349211,2.67935469364032e-08,0.999988474933586,2.67896093635156e-08,-1.26132947177213e-10,3.53685447483198e-06,-15.4560442241803,-40.356565293849,9.02130875846893e-07,-65.0994789303314,-4.02768575979657e-06
1,0.254535147135859,0.0266366124543047,1.23479982730993,0.712335844326692,-0.701838759892454,2.68823320789081e-15,1.01657594841653e-13,5.97415110339595,10.7532420350993,-36.6245209371632,-4.40238411728577e-07,-42.6222339692651,-95.1235772775632,0,0.678141655292757,-0.00957951139127045,1.32469997349211,2.67935469364032e-08,0.999988474933586,2.67896093635156e-08,-1.26132947177213e-10,3.53685447483198e-06,-15.4560442241803,-40.356565293849,9.02130875846893e-07,-65.0994789303314,-4.02768575979657e-06
1,0.254066483832698,0.0582028448271589,1.230926751623,0.707034855801942,-0.696615894466347,0.0867414113057961,0.0854630670094224,16.587952588124,13.5175816934782,-34.7990962322127,18.5276243530792,-47.0716509276986,-119.051118442784,0,0.678141655292757,-0.00957951139127045,1.32469997349211,2.67935469364032e-08,0.999988474933586,2.67896093635156e-08,-1.26132947177213e-10,3.53685447483198e-06,-15.4560442241803,-40.356565293849,9.02130875846893e-07,-65.0994789303314,-4.02768575979657e-06
1,0.254066479144596,0.0582028166064922,1.24582695244834,0.707034895902583,-0.696615876355165,0.0867412823991175,0.0854630137176604,16.587942861578,10.8586617603979,-34.0878506237604,17.6082174705254,-50.2758195551187,-117.659391968151,0,0.678141655292757,-0.00957951139127045,1.32469997349211,2.67935469364032e-08,0.999988474933586,2.67896093635156e-08,-1.26132947177213e-10,3.53685447483198e-06,-15.4560442241803,-40.356565293849,9.02130875846893e-07,-65.0994789303314,-4.02768575979657e-06
1,0.200067567822007,-1.16930769798395e-11,1.32469997349211,0.999999999999999,-2.67944733606881e-08,-2.44953707558153e-12,2.67899298791509e-08,3.53685447483198e-06,-15.4560442241803,-40.356565293849,9.02130875846893e-07,-65.0994789303314,-4.02768575979657e-06,1,0.678141655292757,-0.00957951139127045,1.32469997349211,2.67935469364032e-08,0.999988474933586,2.67896093635156e-08,-1.26132947177213e-10,3.53685447483198e-06,-15.4560442241803,-40.356565293849,9.02130875846893e-07,-65.0994789303314,-4.02768575979657e-06
1,0.377925754590213,0.00146145558356675,1.32150000004205,0.712404040637687,-0.701769536873108,-3.51735181955679e-15,3.80332132301818e-12,0.221566552614303,23.8025237882992,0.911606020583178,-1.38142237407236e-06,-67.1090791620334,-89.3598575319775,0,0.678141655292757,-0.00957951139127045,1.32469997349211,2.67935469364032e-08,0.999988474933586,2.67896093635156e-08,-1.26132947177213e-10,3.53685447483198e-06,-15.4560442241803,-40.356565293849,9.02130875846893e-07,-65.0994789303314,-4.02768575979657e-06
1,0.382899714815129,-0.0033670366835783,1.31659822793995,0.712343842121293,-0.70183064238595,4.43456968313546e-16,5.33839525237135e-13,-0.503816348030373,25.2103785464248,1.84613233307441,-1.50313889691718e-06,-66.6357507168021,-88.6443039583214,1,0.503994350752421,-0.0208236824214297,1.1634826004345,-1.14385118581799e-05,-0.707019842022367,1.87571527511258e-05,0.707161239899728,2.44630338665885,47.1571183803331,-23.1203188472251,-2.59768091773916,70.3049645661355,1.42383124784666
1,0.382997451556896,-0.00346190500302343,1.31159966446678,0.71233537955985,-0.701839231610291,1.00240465298723e-15,7.59198887216629e-14,-0.517878799157119,25.6239816460942,1.37446584903338,-1.53616404184966e-06,-65.7504811330713,-88.6316232001003,0,0.503994350752421,-0.0208236824214297,1.1634826004345,-1.14385118581799e-05,-0.707019842022367,1.87571527511258e-05,0.707161239899728,2.44630338665885,47.1571183803331,-23.1203188472251,-2.59768091773916,70.3049645661355,1.42383124784666
1,0.38343503050893,-0.0329390924127333,1.30989676732657,0.707034401176413,-0.696616357211245,-0.0867412633702997,-0.0854632063976682,-7.47466440708882,26.7511827802302,2.16653167541053,-14.9312209268885,-68.1688762872333,-75.7609358965235,0,0.503994350752421,-0.0208236824214297,1.1634826004345,-1.14385118581799e-05,-0.707019842022367,1.87571527511258e-05,0.707161239899728,2.44630338665885,47.1571183803331,-23.1203188472251,-2.59768091773916,70.3049645661355,1.42383124784666
1,0.383435021436591,-0.0329390825772247,1.32479696134379,0.707034396507726,-0.696616369540108,-0.0867412384742727,-0.0854631697964972,-7.47466222683418,25.6060979417002,3.67400040433241,-14.6771033129627,-70.7334131664097,-76.4847059852138,0,0.503994350752421,-0.0208236824214297,1.1634826004345,-1.14385118581799e-05,-0.707019842022367,1.87571527511258e-05,0.707161239899728,2.44630338665885,47.1571183803331,-23.1203188472251,-2.59768091773916,70.3049645661355,1.42383124784666
1,0.200067567822007,-1.16930769798395e-11,1.32469997349211,0.999999999999999,-2.67944733606881e-08,-2.44953707558153e-12,2.67899298791509e-08,3.53685447483198e-06,-15.4560442241803,-40.356565293849,9.02130875846893e-07,-65.0994789303314,-4.02768575979657e-06,1,0.678141655292757,-0.00957951139127045,1.32469997349211,2.67935469364032e-08,0.999988474933586,2.67896093635156e-08,-1.26132947177213e-10,3.53685447483198e-06,-15.4560442241803,-40.356565293849,9.02130875846893e-07,-65.0994789303314,-4.02768575979657e-06